image: 2020-8-13-22-26-37.pgm
resolution: 0.050000
origin: [-204.800000, -204.800000, 0.000000]
negate: 0
occupied_thresh: 0.65
free_thresh: 0.196

